50
1000
749 1247
458 1290
182 994
751 1281
18 249
137 177
462 574
722 1427
555 986
757 800
376 1112
330 666
1000 1111
6 1084
301 413
728 798
220 1100
652 1317
78 447
121 332
176 533
14 1391
581 822
650 1316
6 1181
667 1413
313 462
433 1309
525 1108
175 420
1072 1427
74 419
509 641
842 1104
279 1297
359 940
304 861
288 1177
1085 1098
366 575
308 781
59 1280
257 285
49 717
628 1333
359 580
713 938
445 1090
252 464
145 902
75 99
314 619
721 1160
615 657
422 1045
1071 1139
78 1088
404 1280
130 729
808 812
1185 1257
462 1098
610 1235
24 336
847 858
154 1040
200 924
811 1388
228 654
1087 1353
65 135
118 1166
223 527
665 895
598 1284
211 446
258 625
283 1032
490 508
421 1029
4 144
1017 1037
180 752
502 1008
721 890
797 1152
1140 1161
426 1041
1359 1378
532 894
346 694
73 1336
348 1018
728 1208
268 743
100 716
474 1264
503 1335
259 1361
211 340
849 1376
209 386
506 1202
628 758
274 621
17 180
100 520
187 1365
10 230
195 654
116 686
37 205
321 418
640 1140
364 482
514 1359
560 596
495 1259
647 808
900 1318
1012 1071
239 1405
98 1008
53 1403
297 391
351 1369
535 563
100 426
30 1387
78 1000
610 1346
1058 1245
782 1343
263 498
405 709
107 1396
163 549
841 1178
304 561
983 1209
567 1303
1253 1314
55 944
556 1041
12 1006
1046 1075
2 304
610 1259
583 1150
128 761
753 809
692 1373
681 826
255 1243
670 1264
137 875
624 1001
164 947
537 693
450 1202
863 977
697 1048
647 933
211 1309
262 1329
307 486
740 901
708 984
567 1099
223 1046
340 827
601 725
280 342
414 734
110 1086
855 1096
602 1437
583 709
1309 1359
189 262
1209 1362
888 1143
277 1064
670 1091
682 917
99 173
190 524
76 496
907 1395
679 1413
569 1025
18 38
297 1380
1123 1220
223 953
136 911
955 1334
241 1129
221 1063
1271 1281
944 1112
637 1163
363 1274
488 900
437 505
668 1402
491 619
364 899
752 957
1007 1019
383 794
115 1382
258 1007
1181 1366
468 1258
300 480
831 900
423 1167
222 760
434 674
435 718
857 1234
280 919
133 1119
499 1110
256 370
676 1259
1048 1427
260 1259
226 1308
1244 1262
716 1277
397 950
843 1115
696 1329
530 758
524 1184
824 957
207 254
229 503
911 1136
424 1175
1227 1236
578 1200
173 973
604 683
103 1375
647 1029
736 1185
297 1206
104 269
430 853
153 362
303 726
134 925
334 439
137 753
262 672
625 894
526 1387
1091 1423
361 1203
766 860
940 1214
716 1017
163 809
699 1168
1050 1111
319 949
34 1277
735 915
44 367
222 728
506 579
691 1184
137 694
146 682
522 737
130 1068
90 753
353 1315
891 1319
554 1387
112 1118
1188 1322
302 984
124 1393
62 254
246 492
521 557
796 895
264 673
167 1297
729 1148
281 1021
40 996
160 838
543 1353
134 1396
872 1416
569 945
199 664
897 1010
426 1324
58 826
248 356
974 1146
173 862
70 1004
546 1119
275 719
903 1002
702 928
4 677
135 470
1139 1284
767 1345
376 1269
593 984
757 942
1141 1290
191 657
483 1140
98 1426
250 547
612 1105
57 733
139 1252
343 734
673 1260
945 1039
915 1321
1142 1148
429 1206
21 358
1216 1327
192 1291
30 955
1160 1400
200 934
580 606
82 205
290 1067
628 1382
464 1062
1217 1330
925 938
45 333
72 1363
103 1269
435 917
954 1048
853 1312
849 1216
495 532
768 975
112 1117
1202 1396
178 1300
320 474
416 1095
76 512
189 905
33 368
1223 1285
1175 1270
186 689
671 781
127 1392
286 615
53 537
300 1062
406 562
380 911
650 1065
564 1164
228 940
731 791
646 1083
1004 1385
92 830
283 1058
678 1080
536 1383
572 1104
1306 1428
463 652
777 922
298 988
355 373
222 1393
18 1251
623 993
143 955
1103 1140
320 897
551 569
580 1425
52 522
920 988
625 1379
863 887
41 755
283 1001
240 621
524 725
499 556
763 1309
473 830
519 1361
998 1056
626 808
1187 1353
264 1370
187 789
1219 1262
485 1022
767 989
398 1345
572 868
505 652
368 1034
365 409
1210 1329
1145 1346
77 391
603 979
36 916
441 916
1013 1431
1032 1379
952 1168
137 1396
623 1349
804 1019
811 865
826 969
500 1085
852 904
3 1098
1106 1278
378 708
701 987
493 547
243 422
849 1250
481 799
79 639
244 940
62 1189
831 1149
225 926
815 1075
195 856
204 1114
26 891
443 563
654 919
594 1393
126 1382
617 913
288 437
664 1400
403 478
1099 1368
317 1277
312 1072
824 1004
871 1129
125 1128
753 947
674 1201
128 1222
53 1331
147 952
464 726
815 973
982 1223
834 1350
230 758
184 1012
663 1195
325 1274
823 1252
313 460
311 1033
245 1402
179 1217
548 592
740 928
201 808
1163 1379
358 729
10 387
484 1089
431 665
695 1014
344 1079
490 998
787 798
97 1395
518 1118
75 855
843 1181
795 974
435 871
997 1304
142 1175
398 1379
403 1374
764 1293
219 426
565 1004
952 1113
829 1400
694 738
135 1066
187 612
339 421
100 253
49 84
454 1016
819 1093
834 1094
469 673
1376 1386
73 150
95 208
140 1100
1292 1338
500 854
619 951
989 1282
159 1277
496 1007
186 631
702 1380
260 995
121 1046
37 1287
305 560
345 887
1164 1439
1050 1274
222 644
764 1243
855 1375
780 852
344 638
533 1021
41 100
288 465
292 1232
333 1307
232 1248
511 1004
861 1184
454 1343
207 867
207 836
73 986
63 460
682 739
770 1229
867 1165
166 723
100 977
869 1284
1146 1325
513 585
256 705
21 463
404 527
483 1213
917 1140
151 519
422 430
638 983
33 629
283 1302
384 402
1120 1219
10 211
1123 1375
1068 1382
1051 1196
99 343
50 1180
757 763
385 1161
1122 1403
652 983
33 198
57 1329
937 1224
395 957
48 1156
1036 1244
429 706
639 1294
980 1208
12 724
386 1027
819 1040
146 1416
188 600
274 708
409 1109
262 528
985 1391
500 1022
164 1122
914 1394
717 1163
1045 1100
21 234
638 810
466 1067
207 812
698 1099
21 319
54 1436
521 633
560 1380
165 449
650 820
243 375
18 1088
393 888
1022 1066
386 963
268 524
144 489
120 596
295 1269
164 242
1157 1376
283 780
388 1302
374 1233
894 1267
1036 1150
591 789
1361 1380
812 837
710 1289
1165 1409
567 977
255 912
731 1153
764 1108
35 601
507 666
756 1060
357 1393
875 1088
73 274
744 1366
444 941
901 1169
977 1251
433 1358
524 778
226 1086
168 1086
111 722
744 1080
413 1256
27 586
436 985
486 981
106 858
790 933
396 481
677 1412
1111 1138
680 778
569 929
644 1360
628 796
362 1189
88 1099
488 592
204 1390
219 691
39 1037
528 536
6 968
1303 1346
9 475
56 343
496 1164
860 1417
403 1321
653 791
813 954
32 98
122 805
1289 1369
1302 1423
64 902
670 701
239 499
561 1200
73 983
228 1408
19 888
435 1188
208 1326
638 1070
133 1308
197 930
113 1344
462 1219
32 203
273 443
23 887
325 670
785 1422
66 705
919 1245
206 518
464 1280
308 911
370 1294
701 1115
1044 1418
225 510
148 1384
331 440
478 970
426 688
630 1307
868 1246
387 892
463 888
930 1135
1003 1024
236 522
780 1074
258 494
462 1235
240 725
421 1373
345 760
423 1191
601 1127
561 895
165 633
469 966
1016 1204
485 1176
319 768
419 555
500 861
364 1351
171 1247
389 958
598 1328
148 1255
177 538
952 1106
879 1176
12 1155
374 1406
347 1031
70 813
622 1303
829 833
181 1421
359 516
1206 1328
722 1427
516 1157
751 1330
672 759
194 1029
758 1218
324 473
4 1407
442 592
292 304
847 1105
296 692
298 1432
134 329
274 1047
281 398
262 719
484 1329
96 116
148 902
516 1101
442 949
293 1308
119 479
306 910
182 549
90 846
561 1385
58 580
543 1070
208 291
257 380
636 743
1331 1408
144 609
1027 1036
798 993
287 570
204 740
1135 1167
304 372
720 796
208 510
370 1180
725 794
529 1104
77 378
341 466
246 274
329 496
730 822
197 1022
761 1339
865 1342
117 1428
256 908
243 827
333 669
278 969
450 1406
7 1309
967 990
377 549
758 1196
27 448
64 808
251 836
284 447
116 510
644 1020
896 1252
49 1166
747 1293
824 1303
356 391
893 1433
364 1174
246 1211
476 1038
102 1162
525 1268
1167 1352
23 1116
815 1139
843 1335
530 1322
63 1349
130 1294
823 1276
484 1131
238 1313
899 1067
299 356
11 470
463 467
318 725
875 1371
354 1192
452 832
108 718
414 462
758 1013
397 399
160 881
664 897
340 849
531 1381
678 1051
498 735
852 1183
226 540
7 88
644 1109
355 481
131 395
493 1118
1281 1313
238 589
899 1121
23 111
413 838
706 1103
982 1302
987 1346
365 932
158 1382
544 849
118 549
134 1290
320 1348
641 1264
463 987
3 692
467 471
206 350
687 1083
632 642
205 840
175 385
260 730
50 1085
379 1373
19 763
378 785
605 759
875 1386
736 1211
105 212
465 996
448 625
746 986
928 1130
195 841
88 299
138 1279
279 815
321 1078
574 1400
501 1386
620 1093
980 1051
417 1243
709 838
585 1326
38 74
370 951
112 625
640 861
764 842
124 974
485 1136
503 1258
1034 1381
881 1293
455 1291
57 728
843 1339
38 393
66 626
427 960
976 1047
714 1030
50 685
93 1387
264 597
554 898
104 293
519 956
80 1189
560 1032
40 536
688 1062
957 1180
538 656
808 1114
22 1211
561 820
627 768
515 1145
1103 1404
285 1316
13 1290
515 1102
213 238
254 558
186 541
203 1127
522 595
18 1310
742 1327
2 1246
1101 1200
310 726
861 1354
604 796
1029 1068
636 1384
411 1019
250 1410
623 1396
727 1158
260 423
234 1337
326 1077
249 559
315 1251
348 581
448 950